0 0.490717 0.558344 0.053346 0.030656
0 0.635644 0.612868 0.043646 0.028578
4 0.674095 0.595981 0.049882 0.027019
2 0.608379 0.573291 0.020583 0.021128
0 0.446856 0.678858 0.042954 0.036892
0 0.405981 0.608712 0.027712 0.023382
4 0.387968 0.528693 0.027712 0.022343
0 0.171814 0.588707 0.085907 0.048842
0 0.229317 0.585849 0.037411 0.035852
0 0.599272 0.634692 0.085907 0.038970
0 0.358178 0.637290 0.029098 0.014029
3 0.359740 0.405648 0.052653 0.041048
4 0.619363 0.327608 0.026326 0.018186
4 0.920385 0.451792 0.029790 0.019225
4 0.898215 0.526095 0.029790 0.021304
4 0.864268 0.448155 0.020091 0.017147
4 0.716009 0.749523 0.039490 0.022343
5 0.415334 0.570521 0.032562 0.015588
0 0.290630 0.655735 0.033947 0.019745
5 0.449974 0.217193 0.020091 0.016627
4 0.301022 0.279285 0.022862 0.015068
4 0.256682 0.214075 0.020091 0.017666
5 0.221696 0.370735 0.022170 0.015068
5 0.216500 0.353848 0.020091 0.013510
5 0.181860 0.335142 0.021477 0.014549
4 0.229317 0.309682 0.020784 0.012470
4 0.552162 0.196928 0.029098 0.019745
3 0.288551 0.309941 0.096299 0.051440
3 0.148952 0.400092 0.095606 0.046764
3 0.198487 0.422175 0.142024 0.058715
0 0.408059 0.450493 0.020784 0.019745
0 0.304832 0.489463 0.029098 0.018706
5 0.163847 0.512845 0.076901 0.048842
0 0.248715 0.478032 0.081750 0.034294
5 0.420876 0.315137 0.045032 0.073264
0 0.442789 0.336458 0.049882 0.021823
0 0.573292 0.345274 0.049189 0.032735
0 0.587495 0.268633 0.042954 0.034294
5 0.461751 0.250707 0.097685 0.040009
4 0.318342 0.244212 0.020091 0.019745
4 0.336701 0.225766 0.027712 0.022343
4 0.383118 0.230443 0.019398 0.019225
0 0.150338 0.288118 0.030483 0.012990
5 0.520639 0.188875 0.051960 0.055597
0 0.575024 0.220570 0.059581 0.027539
0 0.757231 0.239016 0.037411 0.024941
0 0.640840 0.238496 0.034640 0.016627
0 0.638415 0.184458 0.039490 0.027019
0 0.751342 0.296172 0.033947 0.022862
5 0.708042 0.273829 0.037411 0.016627
0 0.726401 0.286040 0.021477 0.018186
0 0.807805 0.281104 0.029098 0.027019
0 0.799145 0.258241 0.018706 0.025980
0 0.880203 0.458547 0.031176 0.050401
5 0.134126 0.475938 0.057004 0.017604
5 0.564897 0.470601 0.036369 0.023171
0 0.448946 0.499638 0.021118 0.012612
0 0.451683 0.515916 0.014861 0.008799
0 0.357827 0.563431 0.022682 0.009972
5 0.310508 0.597747 0.021118 0.007626
5 0.317547 0.577802 0.039107 0.007626
5 0.352352 0.594521 0.020336 0.012319
5 0.395760 0.583375 0.018771 0.007039
5 0.371319 0.596720 0.026202 0.017891
0 0.424504 0.584842 0.077822 0.014078
0 0.473192 0.596427 0.017989 0.016132
5 0.430761 0.598040 0.036369 0.021704
0 0.519533 0.600387 0.023855 0.014665
0 0.358805 0.613732 0.030112 0.022584
5 0.248523 0.630743 0.026202 0.020824
5 0.275898 0.581029 0.041062 0.040475
0 0.186539 0.625464 0.062571 0.023171
0 0.164444 0.659633 0.035587 0.024051
0 0.214892 0.654941 0.041844 0.013492
0 0.210981 0.688083 0.023855 0.031676
0 0.157796 0.686177 0.044191 0.013199
0 0.116343 0.641449 0.027766 0.019944
0 0.141175 0.636316 0.028939 0.016132
0 0.121818 0.622237 0.041062 0.020824
0 0.269250 0.703775 0.026984 0.013785
2 0.124164 0.654354 0.036369 0.013492
0 0.240311 0.680164 0.026202 0.030503
0 0.263384 0.753343 0.034023 0.016132
0 0.230534 0.719760 0.044191 0.026397
5 0.189668 0.710081 0.058660 0.063940
5 0.135505 0.611679 0.034805 0.024931
5 0.099136 0.528088 0.050448 0.118787
0 0.070392 0.558298 0.017989 0.010852
0 0.090141 0.561964 0.026984 0.018771
0 0.127488 0.512690 0.094638 0.073912
0 0.098549 0.432619 0.019553 0.012319
2 0.111259 0.448457 0.022291 0.021118
0 0.092292 0.454469 0.017989 0.007919
0 0.276876 0.512690 0.023464 0.011732
0 0.392632 0.510930 0.022682 0.016425
5 0.351570 0.472068 0.032850 0.010852
0 0.374643 0.450363 0.028157 0.028450
0 0.327324 0.455936 0.021118 0.014958
0 0.349614 0.446404 0.015643 0.011732
0 0.313832 0.434818 0.023855 0.016718
0 0.329083 0.416194 0.019944 0.021118
5 0.322435 0.354307 0.086426 0.028743
0 0.097962 0.346535 0.026202 0.016132
5 0.136874 0.350788 0.049275 0.043995
0 0.164835 0.276729 0.019162 0.014372
0 0.173438 0.287581 0.017598 0.011439
0 0.159751 0.319258 0.025419 0.020824
0 0.222126 0.249452 0.017207 0.007919
0 0.207266 0.240947 0.012514 0.009092
5 0.451683 0.306353 0.028157 0.038422
0 0.470454 0.287435 0.022682 0.010559
0 0.451097 0.377038 0.017598 0.009679
0 0.443275 0.367946 0.021509 0.007333
0 0.443471 0.354894 0.032850 0.014665
0 0.502717 0.376012 0.034023 0.011732
0 0.521293 0.337149 0.020336 0.017891
0 0.478862 0.323804 0.036369 0.018771
0 0.338078 0.288755 0.054358 0.029623
5 0.350201 0.199005 0.077822 0.024931
0 0.463024 0.206484 0.017207 0.013492
0 0.477494 0.206044 0.015643 0.013785
1 0.207070 0.323951 0.085644 0.053087
0 0.213914 0.314712 0.029721 0.045168
1 0.438582 0.633236 0.089554 0.008799
1 0.557271 0.563431 0.027375 0.094443
5 0.568808 0.555072 0.036369 0.038422
0 0.532439 0.689257 0.025419 0.014078
0 0.553165 0.688377 0.023073 0.014078
0 0.522271 0.717707 0.024637 0.010559
0 0.489421 0.696149 0.025419 0.014958
0 0.514449 0.642915 0.026202 0.011732
0 0.478276 0.739704 0.020336 0.008799
0 0.552970 0.758182 0.022682 0.008799
0 0.593054 0.773874 0.020727 0.013199
0 0.681240 0.681484 0.029721 0.034316
1 0.323608 0.625904 0.032459 0.020531
0 0.341207 0.659927 0.012905 0.009972
0 0.321067 0.676645 0.019553 0.013492
0 0.383637 0.674445 0.021900 0.013199
5 0.632161 0.711108 0.036369 0.033730
1 0.639005 0.721080 0.063353 0.034903
0 0.428219 0.707295 0.025028 0.012025
0 0.321458 0.719320 0.033632 0.017305
0 0.577802 0.614905 0.028548 0.023171
5 0.249501 0.533367 0.089163 0.040182
5 0.264948 0.544219 0.166986 0.052501
5 0.417660 0.515623 0.036760 0.024637
5 0.441711 0.505797 0.078605 0.067166
0 0.578585 0.310752 0.026202 0.019651
0 0.591099 0.322924 0.024637 0.031090
0 0.631379 0.278489 0.041062 0.034903
0 0.565484 0.294914 0.049275 0.013199
5 0.397129 0.258545 0.085644 0.028450
5 0.689648 0.215136 0.040280 0.019065
5 0.711939 0.255025 0.038716 0.023171
4 0.701966 0.240067 0.028939 0.018478
4 0.722302 0.321751 0.023464 0.012905
5 0.754174 0.360907 0.037151 0.020824
5 0.707441 0.408861 0.027375 0.014665
5 0.838253 0.355334 0.037151 0.044288
0 0.672050 0.253852 0.016034 0.010266
0 0.769426 0.340669 0.031676 0.014958
0 0.665793 0.375572 0.012905 0.013785
5 0.430957 0.398596 0.023464 0.021704
5 0.361933 0.435258 0.040280 0.012319
5 0.528919 0.314125 0.062962 0.012905
5 0.299167 0.258251 0.122795 0.017891
5 0.223495 0.257078 0.098940 0.034903
5 0.196511 0.530288 0.081733 0.058660
0 0.851059 0.382055 0.027970 0.022551
0 0.833927 0.496121 0.024474 0.016782
0 0.886721 0.492188 0.030767 0.013111
0 0.890916 0.429517 0.023775 0.019929
0 0.543671 0.251470 0.013286 0.014160
0 0.535280 0.237047 0.016083 0.014684
5 0.727924 0.455477 0.074121 0.070800
5 0.666040 0.323580 0.127964 0.142648
0 0.807989 0.373140 0.013286 0.012062
0 0.830016 0.319385 0.016782 0.012587
0 0.825121 0.301816 0.018181 0.015209
0 0.747581 0.256282 0.021028 0.017591
0 0.683284 0.191377 0.010514 0.011525
0 0.738685 0.180156 0.010245 0.015771
0 0.388888 0.620738 0.024533 0.016176
4 0.386612 0.799209 0.023930 0.018321
4 0.321523 0.771960 0.025797 0.019621
0 0.431664 0.778662 0.021841 0.014982
0 0.370937 0.755689 0.020243 0.013784
5 0.332538 0.790460 0.071648 0.028366
0 0.377018 0.736225 0.016780 0.014982
0 0.410312 0.775478 0.017313 0.016381
0 0.609808 0.793756 0.013051 0.016580
0 0.501137 0.728734 0.029032 0.014782
0 0.445204 0.735126 0.019976 0.042749
0 0.334085 0.701021 0.018087 0.014364
0 0.342065 0.682468 0.012236 0.013167
0 0.299189 0.714444 0.023304 0.008892
0 0.570158 0.186354 0.023519 0.017071
0 0.572244 0.169710 0.029968 0.019062
0 0.556122 0.773867 0.026554 0.019916
0 0.765331 0.638155 0.023140 0.024468
0 0.858081 0.596901 0.081939 0.036986
2 0.814836 0.664757 0.085732 0.061170
0 0.509083 0.745131 0.022761 0.016502
0 0.829820 0.521933 0.055764 0.024183
0 0.465268 0.781548 0.028451 0.017071
0 0.426575 0.795063 0.020864 0.013372
0 0.486322 0.800041 0.026554 0.013656
0 0.738336 0.738531 0.023464 0.020531
0 0.763364 0.742051 0.018771 0.017598
0 0.270619 0.613878 0.016425 0.015838
2 0.393219 0.185073 0.029330 0.017598
0 0.201791 0.231414 0.011732 0.014665
0 0.066677 0.439511 0.019162 0.016132
0 0.409643 0.669899 0.019162 0.015252
0 0.304055 0.748210 0.018380 0.009386
0 0.394196 0.728412 0.021118 0.016132
0 0.372296 0.787366 0.013296 0.022584
0 0.339642 0.747770 0.024637 0.023171
0 0.348832 0.752903 0.012514 0.014078
0 0.301513 0.769034 0.016425 0.018771
0 0.266904 0.769181 0.018380 0.014372
0 0.759649 0.280395 0.012123 0.009972
0 0.854874 0.314272 0.019553 0.012025
0 0.781744 0.320871 0.012514 0.015838
0 0.516796 0.769768 0.013687 0.015545
0 0.533221 0.757596 0.018380 0.015252
0 0.634312 0.786779 0.011732 0.009092
0 0.478080 0.726946 0.016034 0.013785
0 0.397325 0.690283 0.014861 0.008506
0 0.366235 0.682804 0.012905 0.008212
0 0.377771 0.650541 0.014861 0.009972
5 0.323608 0.660953 0.295256 0.036076
0 0.460091 0.565337 0.019162 0.014372
0 0.500371 0.506970 0.023855 0.014958
0 0.348050 0.512543 0.011732 0.007919
0 0.357240 0.536740 0.010559 0.008799
0 0.369559 0.528381 0.013296 0.007919
2 0.595009 0.586015 0.029330 0.021118
5 0.680343 0.631076 0.084471 0.108521
0 0.777051 0.651421 0.113410 0.095616
5 0.770003 0.594374 0.041874 0.033730
5 0.851941 0.569883 0.015252 0.015252
0 0.895936 0.561964 0.036760 0.024637
0 0.926048 0.524422 0.010168 0.021118
0 0.931132 0.566657 0.012514 0.014665
5 0.842946 0.473094 0.019944 0.043995
0 0.829454 0.413994 0.016425 0.023171
0 0.876774 0.419567 0.024246 0.015545
0 0.417074 0.539673 0.035587 0.026984
0 0.132963 0.680311 0.018771 0.013199
0 0.127488 0.698202 0.015643 0.007919
0 0.224864 0.697176 0.017989 0.011145
0 0.192601 0.784579 0.022291 0.013492
0 0.156427 0.778127 0.027375 0.015838
0 0.250870 0.772407 0.023855 0.016718
0 0.630010 0.665793 0.023464 0.014665
0 0.494722 0.401208 0.011830 0.012421
5 0.102446 0.745987 0.066720 0.058912
5 0.058676 0.697544 0.060569 0.035844
0 0.051341 0.734808 0.024133 0.011711
5 0.780057 0.724161 0.018454 0.018809
0 0.667674 0.753262 0.016089 0.009582
0 0.678320 0.783428 0.015615 0.010292
0 0.688494 0.772604 0.018928 0.014906
0 0.507971 0.795140 0.015615 0.020229
0 0.489517 0.767281 0.025079 0.015615
5 0.510811 0.675186 0.060095 0.018809
5 0.617279 0.699141 0.064827 0.051815
0 0.883686 0.347796 0.037382 0.044717
2 0.944254 0.282496 0.021294 0.019874
3 0.944964 0.245764 0.029338 0.018100
0 0.357496 0.181883 0.021294 0.008872
0 0.281786 0.214001 0.021294 0.017745
5 0.199924 0.189336 0.091326 0.051460
0 0.095348 0.365363 0.025079 0.015260
0 0.036436 0.427860 0.072872 0.061468
0 0.262858 0.365718 0.012776 0.010292
0 0.491667 0.567250 0.040667 0.014500
5 0.441667 0.484500 0.061333 0.021500
0 0.212833 0.617000 0.034333 0.018500
0 0.905167 0.419250 0.014333 0.010500
4 0.864000 0.452125 0.020000 0.008250
0 0.528833 0.219500 0.031000 0.021500
0 0.306167 0.614250 0.015000 0.012000
0 0.698333 0.738875 0.016000 0.011250
0 0.528333 0.705625 0.014000 0.012250
0 0.304333 0.713000 0.011333 0.007500
4 0.307333 0.236875 0.032000 0.020250
0 0.313833 0.566500 0.015667 0.012000
0 0.566500 0.652625 0.026333 0.018250
0 0.594000 0.548500 0.018667 0.009500
0 0.452500 0.337250 0.009000 0.011500
0 0.505167 0.223125 0.019667 0.018250
0 0.305667 0.510500 0.014000 0.012000
5 0.353667 0.434375 0.017333 0.010750
5 0.231833 0.647625 0.080333 0.031250
0 0.767000 0.287625 0.030000 0.023250
0 0.755167 0.297875 0.017000 0.018750
0 0.130167 0.488375 0.019000 0.012250
0 0.836333 0.533250 0.015333 0.008500
0 0.204167 0.617250 0.017667 0.020000
5 0.812833 0.599125 0.035000 0.017250
0 0.204333 0.654625 0.018000 0.014750
0 0.401667 0.343000 0.010667 0.008500
5 0.505000 0.621875 0.077333 0.024750
0 0.206833 0.314875 0.013000 0.035250
0 0.256500 0.574500 0.024333 0.017000
0 0.849000 0.632625 0.052000 0.025750
0 0.743500 0.311125 0.026333 0.023250
0 0.351833 0.612000 0.021667 0.019000
0 0.506000 0.227750 0.019333 0.007500
0 0.718338 0.336387 0.134263 0.165883
0 0.913570 0.415436 0.012324 0.008756
0 0.914543 0.407410 0.012972 0.010216
0 0.906111 0.395978 0.020756 0.022377
5 0.459866 0.183882 0.120642 0.063240
0 0.469271 0.189719 0.014918 0.010702
0 0.424517 0.186557 0.013621 0.011189
0 0.433922 0.164423 0.015567 0.012648
0 0.535754 0.101184 0.024647 0.017513
0 0.435867 0.205529 0.019458 0.015080
0 0.308739 0.219150 0.019458 0.015080
0 0.238041 0.230825 0.022053 0.019945
0 0.388843 0.303551 0.021404 0.015567
5 0.422895 0.323739 0.046700 0.082212
5 0.205934 0.463839 0.013621 0.013134
0 0.033728 0.552131 0.016864 0.006810
0 0.036322 0.541186 0.016864 0.012161
5 0.022377 0.450108 0.044754 0.032813
0 0.017837 0.389654 0.014918 0.013621
5 0.030485 0.371168 0.042808 0.049619
0 0.110588 0.337846 0.021404 0.017999
0 0.133290 0.299172 0.014918 0.011675
0 0.173828 0.257094 0.012972 0.012161
0 0.374574 0.320090 0.014918 0.009729
5 0.328846 0.352683 0.090806 0.035025
0 0.270796 0.689070 0.020107 0.017999
5 0.427111 0.755714 0.035674 0.027728
5 0.535429 0.810441 0.056429 0.017513
0 0.742661 0.760093 0.011675 0.013134
0 0.712825 0.767876 0.012972 0.010216
0 0.474784 0.876113 0.027242 0.018485
5 0.431327 0.842547 0.029836 0.015567
5 0.495864 0.604426 0.031782 0.017026
5 0.506891 0.595913 0.021404 0.012648
0 0.897355 0.544348 0.025296 0.017513
5 0.818549 0.380168 0.025944 0.075401
5 0.749796 0.388194 0.019458 0.015567
0 0.773146 0.244203 0.024647 0.019458
0 0.733256 0.220853 0.016215 0.010702
5 0.595426 0.293821 0.002594 0.005838
0 0.599966 0.299659 0.023350 0.016540
0 0.500404 0.366790 0.016215 0.014594
0 0.524079 0.236906 0.015567 0.014594
5 0.824226 0.574265 0.023350 0.017999
5 0.673584 0.813603 0.061618 0.042322
0 0.306145 0.413734 0.018161 0.014107
0 0.229609 0.394032 0.027242 0.015567