4 0.257991 0.370509 0.024881 0.019874
4 0.407280 0.428534 0.028960 0.023068
4 0.447049 0.346909 0.020395 0.018809
4 0.269208 0.493657 0.026921 0.018454
4 0.242287 0.405466 0.017131 0.012421
4 0.359556 0.532696 0.021618 0.015615
5 0.558607 0.359507 0.022434 0.022713
0 0.478661 0.346376 0.033039 0.025552
0 0.408095 0.326147 0.063223 0.063881
4 0.307142 0.477332 0.020395 0.014196
4 0.228011 0.565878 0.025289 0.020229
5 0.278182 0.762135 0.027737 0.021649
5 0.698106 0.727355 0.028145 0.025197
5 0.735224 0.411145 0.033039 0.023778
5 0.458062 0.797092 0.023658 0.022003
4 0.420740 0.802592 0.021618 0.015970
0 0.432569 0.782364 0.024881 0.015970
5 0.339366 0.699141 0.026921 0.021294
0 0.338142 0.664894 0.027737 0.021649
5 0.306122 0.667733 0.028145 0.025197
2 0.518838 0.796914 0.035079 0.035844
0 0.582877 0.796914 0.031816 0.044362
5 0.517336 0.740365 0.123183 0.079141
0 0.597153 0.739421 0.047315 0.064236
5 0.628357 0.723629 0.024066 0.020584
4 0.463365 0.811997 0.021210 0.015615
4 0.322021 0.763719 0.019151 0.016300
4 0.449088 0.676605 0.017947 0.015970
0 0.637330 0.551860 0.087697 0.026972
0 0.656093 0.594270 0.083618 0.042232
0 0.714830 0.614854 0.046092 0.023068
0 0.728086 0.549731 0.034263 0.028392
0 0.758678 0.518677 0.021210 0.018809
0 0.676284 0.517613 0.022842 0.013131
0 0.587771 0.457636 0.030184 0.020229
0 0.545759 0.497206 0.032631 0.018454
0 0.504154 0.500223 0.021210 0.019519
0 0.463976 0.502707 0.025697 0.022358
0 0.428351 0.520327 0.038750 0.041237
0 0.422372 0.465621 0.030592 0.018454
0 0.450108 0.449473 0.019171 0.014551
2 0.469483 0.448408 0.026105 0.015970
0 0.496404 0.426228 0.030184 0.023423
5 0.639370 0.484785 0.024881 0.037619
5 0.595317 0.501820 0.022434 0.028392
0 0.578594 0.392868 0.020802 0.024843
0 0.688929 0.396594 0.026921 0.035844
0 0.724007 0.368202 0.017947 0.015260
5 0.706876 0.330406 0.047315 0.034780
0 0.862282 0.339279 0.017947 0.014906
5 0.835362 0.335020 0.026105 0.062461
5 0.805123 0.375582 0.145916 0.203918
5 0.740935 0.536422 0.032223 0.133085
5 0.829039 0.629984 0.069749 0.151627
5 0.775605 0.628694 0.030592 0.042232
0 0.641001 0.673411 0.031408 0.023778
0 0.632028 0.632598 0.024066 0.016680
0 0.603271 0.627807 0.023658 0.021294
5 0.761125 0.745455 0.039973 0.030166
0 0.650791 0.771539 0.060776 0.059622
0 0.613876 0.667555 0.025289 0.019874
5 0.558403 0.659570 0.080762 0.024488
0 0.599600 0.688139 0.018763 0.015615
0 0.665679 0.628872 0.033447 0.023423
0 0.566561 0.846954 0.022842 0.019519
0 0.408911 0.676073 0.020802 0.019164
0 0.439503 0.636680 0.016724 0.016325
0 0.502522 0.617338 0.008974 0.008163
0 0.490285 0.544407 0.020395 0.017035
0 0.399326 0.557538 0.044052 0.022003
0 0.384234 0.513709 0.017131 0.020939
0 0.397490 0.513531 0.018355 0.026262
2 0.421556 0.494367 0.053434 0.018454
0 0.448069 0.432438 0.008566 0.006743
5 0.457858 0.434745 0.017539 0.014906
0 0.542903 0.591608 0.058736 0.035489
0 0.563910 0.557006 0.021618 0.025907
0 0.556772 0.531099 0.057105 0.053589
0 0.662082 0.456571 0.031408 0.030166
0 0.638962 0.441665 0.046092 0.024488
0 0.525160 0.289771 0.046092 0.042232
3 0.487022 0.310887 0.039973 0.042587
5 0.454595 0.321002 0.017539 0.036554
0 0.342833 0.360040 0.026513 0.015970
5 0.446233 0.274510 0.032631 0.020939
5 0.492121 0.274156 0.024066 0.017390
0 0.530871 0.373881 0.019171 0.018100
0 0.545555 0.421791 0.015092 0.013131
0 0.581041 0.418242 0.024066 0.015260
0 0.370161 0.237601 0.033855 0.021649
0 0.391372 0.292965 0.037118 0.036554
0 0.328149 0.309290 0.020802 0.018809
0 0.253708 0.344247 0.022026 0.012776
5 0.319583 0.365541 0.038750 0.074528
0 0.303471 0.379027 0.017947 0.011357
0 0.208432 0.442375 0.024473 0.015970
0 0.284708 0.405289 0.035894 0.014906
0 0.360780 0.438826 0.017539 0.018809
5 0.397286 0.405466 0.038342 0.025907
5 0.432365 0.409193 0.027737 0.022003
5 0.459898 0.397304 0.050986 0.028037
5 0.491713 0.376897 0.027329 0.045426
5 0.516390 0.416113 0.067710 0.071334
0 0.350379 0.410612 0.017131 0.012066
0 0.346300 0.450183 0.022842 0.008872
5 0.348339 0.466331 0.021210 0.019874
5 0.175458 0.458449 0.023250 0.044362
0 0.160913 0.477510 0.017539 0.011002
0 0.153775 0.455684 0.014684 0.014906
0 0.209044 0.473074 0.017539 0.012066
0 0.223932 0.486027 0.028552 0.025907
0 0.180696 0.537132 0.045684 0.035134
5 0.153163 0.538197 0.015908 0.015970
0 0.191301 0.585752 0.031000 0.020939
0 0.241676 0.657618 0.028960 0.022713
0 0.326313 0.511047 0.020395 0.019164
0 0.336918 0.492593 0.043236 0.023423
0 0.360372 0.514774 0.017539 0.015970
0 0.459898 0.654779 0.037934 0.022003
0 0.223524 0.684235 0.028552 0.028392
0 0.198031 0.676073 0.023250 0.009227
0 0.191709 0.616983 0.021210 0.015260
0 0.202518 0.610063 0.024881 0.022713
0 0.255952 0.604029 0.019171 0.012776
0 0.272267 0.584155 0.029776 0.017745
0 0.358537 0.760183 0.017131 0.018454
0 0.335083 0.755037 0.020802 0.018100
5 0.371793 0.779347 0.055065 0.022003
0 0.391576 0.810933 0.028552 0.021294
5 0.563298 0.821757 0.041605 0.040103
5 0.419720 0.731259 0.031816 0.013841
0 0.398918 0.576880 0.016316 0.016680
0 0.365471 0.567120 0.034263 0.044717
5 0.469483 0.527727 0.037526 0.019164
0 0.594910 0.564104 0.033855 0.028746
0 0.484371 0.815546 0.036302 0.025552
0 0.469483 0.828855 0.030184 0.014551
0 0.429714 0.829564 0.042013 0.031586
0 0.415233 0.833646 0.023658 0.019164
0 0.384234 0.795495 0.025289 0.020229
5 0.737060 0.770829 0.018763 0.034780
0 0.850100 0.485140 0.016724 0.022713
5 0.859835 0.423033 0.096262 0.069559
0 0.706876 0.437052 0.034263 0.016680
5 0.661804 0.418420 0.061592 0.036199
0 0.819658 0.327922 0.026513 0.021294
0 0.825572 0.721322 0.013053 0.012421
0 0.716869 0.709433 0.023250 0.033360
0 0.673633 0.697189 0.064855 0.017390
0 0.625705 0.689381 0.021210 0.020229
4 0.324682 0.637389 0.019579 0.015615
0 0.335899 0.610950 0.021618 0.023068
0 0.327537 0.589834 0.009789 0.009227
0 0.269208 0.639164 0.010605 0.011357
0 0.206393 0.660635 0.018763 0.015260
0 0.258603 0.739776 0.031000 0.018809
0 0.188038 0.701270 0.013868 0.012066
0 0.227195 0.702158 0.013053 0.011711
0 0.505989 0.627275 0.010197 0.030166
0 0.523936 0.613612 0.019987 0.021294
0 0.482943 0.581849 0.033447 0.023778
0 0.459286 0.593560 0.037526 0.032295
0 0.395655 0.454796 0.013053 0.015260
0 0.367714 0.460120 0.021618 0.017390
0 0.373221 0.447521 0.010605 0.009227
0 0.383418 0.449473 0.011421 0.011002
0 0.389536 0.376010 0.022026 0.017390
0 0.407687 0.362524 0.031408 0.016680
0 0.347727 0.388786 0.019987 0.013131
0 0.290011 0.385770 0.011421 0.012066
0 0.292662 0.446102 0.020802 0.019164
0 0.251261 0.458878 0.015500 0.018454
0 0.730126 0.289416 0.021210 0.028037
5 0.384642 0.828677 0.024473 0.019874
5 0.335695 0.720612 0.031000 0.020939
5 0.272064 0.692753 0.032631 0.041877
5 0.309386 0.738179 0.023250 0.016325
5 0.336918 0.773846 0.016316 0.018809
5 0.170499 0.585043 0.024473 0.018809
0 0.230459 0.531454 0.043236 0.026617
0 0.265741 0.355781 0.015908 0.019519
0 0.264721 0.394465 0.010605 0.009582
5 0.303471 0.295981 0.023658 0.016325
5 0.230867 0.308758 0.027737 0.018454
5 0.321214 0.264396 0.011013 0.014196
5 0.287767 0.279124 0.016724 0.015260
5 0.342017 0.254636 0.012645 0.016680
5 0.355681 0.299530 0.035894 0.033360
0 0.549634 0.459942 0.015092 0.012776
0 0.581857 0.437939 0.016724 0.015615
0 0.605107 0.443795 0.012645 0.013841
3 0.614080 0.462072 0.030592 0.031940
0 0.600008 0.483543 0.015500 0.009582
5 0.650299 0.475514 0.018763 0.015615
5 0.607489 0.523776 0.066894 0.019519
0 0.633047 0.519565 0.015500 0.015615
0 0.644672 0.522404 0.016724 0.012066
5 0.662416 0.660457 0.026921 0.024133
0 0.689540 0.679444 0.017539 0.011711
0 0.777441 0.659748 0.018763 0.013486
5 0.769691 0.568717 0.034263 0.056428
5 0.685257 0.502352 0.036710 0.017390
5 0.776013 0.304321 0.028145 0.050040
5 0.548206 0.322244 0.032631 0.017035
0 0.538213 0.333245 0.018355 0.014196
5 0.389332 0.757698 0.010197 0.039748
5 0.358944 0.721677 0.013053 0.018809
0 0.579206 0.693108 0.013868 0.019874
0 0.184367 0.633840 0.017131 0.015615
0 0.187426 0.636680 0.032223 0.026262
0 0.220873 0.636325 0.024881 0.022003
0 0.126242 0.576348 0.023250 0.031940
5 0.233722 0.608111 0.031816 0.037974
0 0.265129 0.607578 0.012237 0.007808
0 0.305333 0.627755 0.013333 0.015951
0 0.514500 0.818010 0.019667 0.007251
0 0.577667 0.809165 0.026000 0.019722
0 0.451333 0.433585 0.006667 0.010441
0 0.754000 0.668648 0.014667 0.011891
0 0.580333 0.786543 0.028667 0.022042
0 0.256667 0.406903 0.017333 0.016241
0 0.585500 0.816995 0.015000 0.005220
5 0.344167 0.318881 0.019667 0.027552
0 0.482000 0.286108 0.049333 0.018852
5 0.449500 0.627030 0.067000 0.027262
0 0.640000 0.592807 0.042667 0.053944
0 0.757667 0.523637 0.014000 0.007831
0 0.391333 0.817285 0.024000 0.005800
0 0.517833 0.716792 0.115000 0.039733
0 0.523167 0.535383 0.029667 0.020302
5 0.469279 0.251651 0.060108 0.037524
5 0.495691 0.458394 0.150857 0.055950
5 0.713500 0.681700 0.094333 0.033933
0 0.319333 0.658933 0.015333 0.018561
0 0.247000 0.598608 0.038667 0.023782
5 0.488000 0.304379 0.046000 0.021752
5 0.514333 0.503190 0.016000 0.041183
5 0.686000 0.633846 0.028000 0.051914
5 0.444333 0.821346 0.021333 0.019142
5 0.406248 0.236329 0.048033 0.084172
5 0.430264 0.220142 0.048709 0.038849
5 0.884544 0.378186 0.173865 0.111248
5 0.889390 0.566837 0.026384 0.214256
5 0.931334 0.500029 0.035855 0.151274
5 0.745520 0.776090 0.216485 0.159515
5 0.285490 0.551239 0.077123 0.025310
5 0.143421 0.444993 0.020295 0.002354
5 0.134965 0.449114 0.052092 0.155395
5 0.117375 0.496792 0.050739 0.103596
0 0.242193 0.733709 0.023002 0.015893
5 0.300711 0.723114 0.029090 0.032374
5 0.467134 0.745776 0.075093 0.080052
5 0.610217 0.861439 0.094712 0.118312
0 0.577744 0.950614 0.032473 0.020013
5 0.612247 0.642474 0.066299 0.118312
5 0.742138 0.547413 0.116361 0.110660
5 0.681251 0.483253 0.024355 0.042380
5 0.621041 0.516216 0.031120 0.025899
5 0.532418 0.475601 0.014883 0.058862
5 0.768970 0.404085 0.160334 0.091235
5 0.731651 0.726940 0.230692 0.189534