0 0.406167 0.881750 0.021000 0.022500
0 0.398667 0.505500 0.016000 0.015000
0 0.721500 0.444625 0.008333 0.009250
5 0.556500 0.437125 0.021667 0.016750
0 0.361667 0.403625 0.020000 0.011250
0 0.378333 0.390000 0.023333 0.020000
0 0.744500 0.332125 0.017667 0.011750
5 0.210960 0.280877 0.251070 0.107094
5 0.161080 0.291201 0.117318 0.076816
5 0.185417 0.324951 0.251397 0.101955
5 0.398228 0.796012 0.051507 0.257009
5 0.239139 0.636216 0.217591 0.167135
5 0.547336 0.636347 0.401544 0.035477
5 0.498251 0.478147 0.227051 0.043360
5 0.435589 0.497202 0.058533 0.032778
5 0.349246 0.435778 0.277056 0.189061
5 0.555000 0.159784 0.160303 0.040455
5 0.427333 0.566250 0.075333 0.010000
2 0.483333 0.575500 0.025333 0.016500
0 0.516633 0.106838 0.011733 0.007975
0 0.716283 0.529375 0.013567 0.009900
0 0.694650 0.466675 0.020167 0.012100
5 0.605821 0.431078 0.026910 0.046807
0 0.384189 0.240047 0.013741 0.014600
5 0.579147 0.610852 0.025765 0.017606
5 0.626690 0.870008 0.074433 0.037789
5 0.819623 0.719925 0.056684 0.063984
5 0.025479 0.713484 0.016604 0.015889
5 0.616685 0.587347 0.022996 0.011224