5 0.274833 0.631500 0.048333 0.025500
5 0.526500 0.607625 0.104333 0.048750
5 0.373167 0.631500 0.041667 0.132000
5 0.276167 0.562750 0.049000 0.024500
0 0.393667 0.463375 0.017333 0.011750
5 0.252000 0.447375 0.007333 0.011250
5 0.394000 0.383625 0.013333 0.011250
5 0.311500 0.409625 0.155000 0.086750
5 0.479833 0.336250 0.028333 0.020000
5 0.503667 0.328625 0.017333 0.008750
5 0.537500 0.330875 0.025000 0.016750
5 0.491970 0.488244 0.009049 0.011877
5 0.519280 0.571871 0.007434 0.005090
5 0.520250 0.487274 0.013897 0.024482
5 0.467827 0.403713 0.021008 0.021089
5 0.330630 0.558847 0.060761 0.023997
5 0.386543 0.549151 0.013574 0.046783
5 0.419671 0.557150 0.050095 0.017210
0 0.404803 0.382624 0.008080 0.006060
5 0.299996 0.707772 0.043708 0.043708
5 0.394255 0.721761 0.012803 0.016059
5 0.595025 0.497758 0.040397 0.034933
0 0.487631 0.423256 0.009271 0.005795