5 0.921500 0.675625 0.028333 0.018750
5 0.897000 0.664000 0.019333 0.008000
5 0.481167 0.630000 0.034333 0.015000
5 0.418167 0.612750 0.021667 0.004500
5 0.457500 0.612375 0.011667 0.013750
5 0.451667 0.572750 0.016667 0.028000
5 0.490333 0.559000 0.020667 0.008000
5 0.496667 0.537125 0.013333 0.011750
5 0.431667 0.512750 0.016667 0.033000
5 0.622500 0.498375 0.015000 0.006750
5 0.506667 0.496875 0.013333 0.011250
5 0.479833 0.474375 0.011667 0.008750
5 0.392833 0.474625 0.035667 0.013250
5 0.635000 0.472750 0.016667 0.010500
5 0.844833 0.456125 0.021667 0.008750
5 0.602500 0.466250 0.015000 0.040000
5 0.415833 0.449250 0.015000 0.007500
5 0.780264 0.492011 0.141000 0.216250
5 0.299500 0.428375 0.009000 0.023250
5 0.439500 0.405625 0.017667 0.021250
5 0.450667 0.379250 0.016667 0.027500
5 0.606667 0.355875 0.016667 0.014250
5 0.217833 0.358750 0.021000 0.020000
5 0.497333 0.352750 0.013333 0.009500
5 0.374500 0.339625 0.019000 0.011750
5 0.237000 0.338375 0.026000 0.028250
5 0.310000 0.329000 0.013333 0.010500
5 0.432833 0.321500 0.015667 0.022000
5 0.342333 0.315875 0.023333 0.025750
5 0.294072 0.279625 0.021856 0.011750
5 0.504167 0.262750 0.015000 0.005500
5 0.482000 0.265000 0.020667 0.025000
5 0.346500 0.249000 0.028333 0.013000
5 0.556500 0.248375 0.031667 0.014250
5 0.384167 0.239625 0.008333 0.006750
5 0.345715 0.345151 0.045149 0.020801
5 0.518895 0.292906 0.053534 0.016931
5 0.532762 0.271864 0.045149 0.021285
5 0.586297 0.283473 0.039989 0.027090
5 0.278636 0.399088 0.047729 0.088041
5 0.264124 0.371515 0.027735 0.033862
5 0.260254 0.298953 0.083204 0.031927
5 0.786244 0.530182 0.074819 0.042569
5 0.797209 0.465361 0.041279 0.108358
5 0.914275 0.654988 0.124483 0.092879
0 0.748512 0.401749 0.030315 0.017898
5 0.707877 0.399814 0.039344 0.022736
5 0.638218 0.394493 0.009675 0.050793
5 0.666276 0.394251 0.009030 0.031927
2 0.561465 0.241872 0.058694 0.023220
2 0.616611 0.241146 0.041279 0.029508
5 0.379900 0.449881 0.023220 0.020317
5 0.438594 0.162296 0.112228 0.038216
5 0.400217 0.217684 0.012255 0.016447
5 0.461491 0.242839 0.021285 0.016447
5 0.181887 0.376110 0.024510 0.069175
0 0.192207 0.378771 0.021930 0.008707
0 0.448914 0.317336 0.018060 0.016447
0 0.470198 0.297986 0.036119 0.012577
5 0.595120 0.579759 0.032562 0.104440
5 0.553205 0.526759 0.055424 0.029617
5 0.559787 0.458432 0.022862 0.009353
5 0.563251 0.470123 0.018706 0.006755
5 0.509212 0.454795 0.028405 0.014549
5 0.505748 0.473760 0.031176 0.006755
5 0.461756 0.537411 0.049882 0.010392
5 0.359914 0.516108 0.037411 0.088332
5 0.403907 0.537671 0.024248 0.071185
5 0.420534 0.588852 0.054731 0.022862
5 0.391783 0.388806 0.036026 0.021823
5 0.319385 0.422060 0.020091 0.013510
5 0.382426 0.358784 0.045725 0.019225
5 0.417412 0.335662 0.024248 0.031176
5 0.387275 0.274089 0.022170 0.015068
5 0.433347 0.262138 0.015934 0.012990
5 0.205069 0.307863 0.020784 0.016108
5 0.175625 0.291496 0.022862 0.011431
5 0.548005 0.587668 0.033254 0.012470
5 0.482535 0.584550 0.022862 0.014549
5 0.540731 0.569742 0.015934 0.006755
5 0.515097 0.605594 0.033947 0.014029
5 0.458980 0.405548 0.039490 0.040009
5 0.286819 0.264736 0.027712 0.024421