0 0.547833 0.702125 0.012333 0.006750
0 0.625333 0.678625 0.009333 0.011250
0 0.461167 0.680000 0.024333 0.020000
0 0.755333 0.674000 0.020667 0.014500
0 0.517833 0.665000 0.031000 0.007500
0 0.416167 0.664625 0.032333 0.021750
0 0.324500 0.676875 0.057667 0.051250
0 0.595333 0.646250 0.010667 0.010000
0 0.430667 0.623375 0.016667 0.011750
0 0.640333 0.618375 0.009333 0.009250
0 0.311667 0.629625 0.040000 0.049250
0 0.460333 0.593375 0.012667 0.009250
0 0.331667 0.576125 0.010000 0.008750
0 0.255000 0.535625 0.036667 0.021250
0 0.368667 0.516875 0.016000 0.008750
0 0.282833 0.536875 0.061000 0.048750
0 0.336500 0.527125 0.038333 0.040750
2 0.401500 0.512375 0.018333 0.016250
0 0.417500 0.491500 0.015000 0.008000
0 0.823333 0.490250 0.013333 0.009500
0 0.277000 0.497125 0.037333 0.024250
0 0.508333 0.500875 0.040000 0.048250
0 0.658333 0.454625 0.013333 0.008250
5 0.588667 0.453625 0.016000 0.011250
0 0.658167 0.443625 0.021667 0.006250
0 0.588667 0.435000 0.050667 0.017500
0 0.265667 0.423625 0.013333 0.006250
0 0.314000 0.430875 0.033333 0.034250
0 0.238333 0.413375 0.016667 0.011750
0 0.612333 0.385625 0.016667 0.008750
0 0.254833 0.347125 0.008333 0.010750
5 0.497000 0.363750 0.136000 0.056000
0 0.478167 0.465125 0.013667 0.010250
0 0.542833 0.422125 0.019667 0.012250
0 0.586333 0.463000 0.028000 0.008500
0 0.602333 0.504750 0.052667 0.027500
0 0.566333 0.492125 0.007333 0.008250
0 0.532667 0.521750 0.014000 0.005000
2 0.432833 0.507875 0.041000 0.017250
0 0.457000 0.483125 0.040000 0.015750
0 0.491167 0.572125 0.032333 0.033250
0 0.473167 0.560250 0.031000 0.019000
0 0.425667 0.599500 0.011333 0.006000
0 0.356333 0.594750 0.016667 0.011500
0 0.519833 0.580625 0.017000 0.014750
0 0.557000 0.560625 0.014000 0.009750
0 0.648833 0.579625 0.027667 0.016750
2 0.757500 0.498500 0.165667 0.122000
0 0.662667 0.431500 0.013333 0.014000
0 0.674167 0.404500 0.017000 0.010000
0 0.572167 0.420625 0.007667 0.005750
0 0.607000 0.424750 0.007333 0.007000
5 0.603167 0.454625 0.023667 0.001750
0 0.620667 0.396250 0.016000 0.011500
0 0.505000 0.320375 0.090000 0.040750
5 0.591500 0.391625 0.019667 0.008750
2 0.354167 0.428125 0.034333 0.038750
0 0.352000 0.467875 0.038667 0.008750
0 0.410667 0.390375 0.026667 0.015250
0 0.417500 0.414250 0.016333 0.012000
0 0.435833 0.410125 0.009000 0.006750
2 0.384000 0.385375 0.038000 0.043750
0 0.315500 0.362875 0.015000 0.013750
0 0.263833 0.398625 0.022333 0.023750
0 0.280500 0.354375 0.040333 0.028750
0 0.283333 0.409750 0.013333 0.009500
0 0.253667 0.441750 0.013333 0.009500
0 0.325333 0.550000 0.009333 0.009000
0 0.302333 0.581375 0.018000 0.013750
0 0.407000 0.640500 0.013333 0.014500
0 0.253167 0.650000 0.042333 0.029500
0 0.220667 0.634625 0.066000 0.039250
0 0.370667 0.718500 0.024667 0.043500
0 0.387167 0.678250 0.013667 0.013000
0 0.445000 0.730125 0.026667 0.011750
0 0.666167 0.730250 0.017667 0.009500
0 0.635500 0.706500 0.011000 0.010500
0 0.630167 0.751875 0.012333 0.015250
2 0.606000 0.734125 0.038000 0.022250
2 0.558167 0.703000 0.059667 0.019500
0 0.690000 0.676500 0.020000 0.014000
0 0.671000 0.673250 0.022000 0.014500
0 0.658167 0.638875 0.011667 0.007750
0 0.610500 0.638500 0.017667 0.014000
2 0.574333 0.639375 0.049333 0.026250
0 0.584167 0.628000 0.012333 0.013500
2 0.592667 0.600500 0.038000 0.049000
2 0.541167 0.600000 0.059667 0.026500
0 0.563833 0.575000 0.015000 0.010000
2 0.625000 0.552625 0.051333 0.050250
0 0.710000 0.570750 0.014667 0.014500
0 0.688833 0.560875 0.011667 0.008750
0 0.617333 0.484625 0.016000 0.010250
0 0.524000 0.465375 0.044000 0.017250
0 0.411015 0.590239 0.027689 0.014277
0 0.499491 0.645239 0.017739 0.010059
0 0.662599 0.607761 0.006490 0.005192
0 0.658489 0.626743 0.004326 0.004867
0 0.810348 0.674118 0.007788 0.010059
0 0.229952 0.522421 0.013412 0.017522
0 0.257209 0.478616 0.010816 0.014277
0 0.358448 0.360665 0.007355 0.005516
5 0.197534 0.486222 0.032792 0.041771
0 0.194411 0.399362 0.019259 0.021081
0 0.182960 0.381600 0.028628 0.019129
0 0.199876 0.433716 0.036436 0.021081
0 0.149126 0.410293 0.016136 0.008588
0 0.178535 0.406389 0.022902 0.014835
5 0.156934 0.399752 0.021341 0.014054
0 0.608998 0.777839 0.020820 0.011321
2 0.488239 0.667555 0.030190 0.022642
5 0.379713 0.577182 0.013013 0.020690
0 0.463255 0.603923 0.007287 0.007808
0 0.371124 0.541852 0.010410 0.013273
2 0.342496 0.497934 0.029149 0.018348
0 0.270145 0.443280 0.015615 0.012102
5 0.660268 0.515696 0.020300 0.008588
2 0.816161 0.550050 0.097856 0.042942
0 0.207944 0.398581 0.011972 0.018738
0 0.306841 0.402876 0.011972 0.007808
0 0.281336 0.461043 0.010931 0.013273
0 0.376850 0.603533 0.010410 0.006246
5 0.411724 0.605289 0.027067 0.012883
5 0.403656 0.617391 0.015095 0.009760
0 0.497348 0.607436 0.008849 0.008588
0 0.472364 0.590064 0.013013 0.009760
0 0.489801 0.591431 0.018738 0.010150
0 0.519210 0.424737 0.016136 0.013273
0 0.457269 0.406779 0.009890 0.009369
0 0.507238 0.432935 0.018218 0.018738
0 0.588698 0.665994 0.012492 0.007808
5 0.586616 0.675753 0.021861 0.012492
0 0.448680 0.617391 0.021861 0.031621
0 0.790916 0.392140 0.007808 0.008198
0 0.781547 0.376915 0.009890 0.008198
0 0.812518 0.414587 0.012492 0.010931
0 0.749796 0.336120 0.010931 0.007808
0 0.664458 0.376474 0.010077 0.006613