0 0.138667 0.681750 0.010667 0.007500
0 0.738667 0.529000 0.010667 0.007000
0 0.466167 0.516875 0.011000 0.008750
0 0.688167 0.467500 0.008333 0.007500
0 0.497333 0.462750 0.016667 0.010500
0 0.682500 0.453125 0.011667 0.006250
0 0.783333 0.412125 0.026667 0.011750
0 0.753667 0.406500 0.016000 0.009500
0 0.592333 0.405875 0.010000 0.013250
0 0.681167 0.386500 0.014333 0.012000
0 0.731667 0.375000 0.010000 0.007500
0 0.623167 0.373125 0.008333 0.006250
0 0.665833 0.364625 0.011667 0.009250
0 0.647500 0.314375 0.018333 0.011250
0 0.375000 0.243375 0.013333 0.006750
0 0.414141 0.455789 0.017207 0.012319
0 0.396934 0.517382 0.016425 0.014078
0 0.511712 0.420007 0.015252 0.010559
0 0.557858 0.387744 0.010559 0.007626
0 0.533612 0.433938 0.008995 0.007333
0 0.500175 0.454323 0.010950 0.008212
0 0.515623 0.442884 0.011341 0.008212
0 0.556489 0.427339 0.014861 0.009972
0 0.535176 0.392583 0.023855 0.017891
0 0.547886 0.402555 0.013296 0.012025
0 0.567244 0.427339 0.008212 0.009386
5 0.571741 0.434525 0.028939 0.007333
0 0.580540 0.458136 0.011341 0.011732
0 0.620820 0.437018 0.009777 0.011732
0 0.598333 0.386864 0.014861 0.012905
0 0.569786 0.378505 0.010950 0.007333
0 0.612412 0.375865 0.011732 0.009092
0 0.646044 0.370439 0.009386 0.008799
0 0.636854 0.365306 0.011341 0.012025
0 0.648586 0.358853 0.018380 0.011439
0 0.677720 0.356654 0.015643 0.014078
0 0.702553 0.358120 0.022291 0.019358
0 0.695905 0.480867 0.011341 0.009092
0 0.480036 0.466055 0.008212 0.006453
0 0.491181 0.419127 0.009386 0.008799
0 0.699229 0.378505 0.014861 0.007919
0 0.691799 0.334509 0.010950 0.009092
0 0.712330 0.331137 0.015252 0.011732
0 0.647412 0.345362 0.009777 0.007333
0 0.605764 0.343748 0.007821 0.016425
0 0.682022 0.309872 0.008603 0.006159
0 0.674201 0.306353 0.011732 0.006746
0 0.649759 0.328204 0.014470 0.009972
0 0.753196 0.379531 0.017207 0.008799
0 0.798365 0.377478 0.016034 0.012319
0 0.816940 0.401822 0.010950 0.010559
0 0.805013 0.418247 0.020727 0.012905
0 0.779984 0.367652 0.012905 0.013199
0 0.723084 0.322044 0.010168 0.008799
0 0.683782 0.511956 0.011341 0.007333
0 0.656994 0.532194 0.014078 0.007333
0 0.653865 0.542900 0.010950 0.012905
0 0.779007 0.454323 0.016425 0.009386
0 0.710570 0.433645 0.022682 0.016132
0 0.732079 0.424553 0.022682 0.010852
0 0.684955 0.408715 0.019162 0.013785
0 0.746353 0.416194 0.017598 0.010559
0 0.732079 0.408275 0.015643 0.008212
0 0.702357 0.399476 0.015643 0.008212
0 0.698447 0.386570 0.028939 0.009972
0 0.668530 0.379091 0.012123 0.007333
0 0.628250 0.415021 0.012123 0.007626
0 0.589730 0.441271 0.012514 0.015545
0 0.557271 0.462975 0.013296 0.007919
0 0.477103 0.458576 0.018771 0.010266
0 0.494114 0.402702 0.011341 0.009386
0 0.635680 0.341695 0.012905 0.009386
0 0.720151 0.344335 0.011341 0.007039
0 0.559422 0.453296 0.012123 0.007919
0 0.686715 0.526475 0.010950 0.008799
0 0.819287 0.601266 0.007821 0.007039
0 0.762386 0.481453 0.010559 0.007333
0 0.740878 0.468695 0.011341 0.009972
0 0.759062 0.439804 0.005475 0.007333
0 0.748895 0.437018 0.014078 0.007039
0 0.736771 0.439071 0.009386 0.004693
0 0.671072 0.444791 0.010950 0.009679
0 0.680262 0.435405 0.017598 0.009679
0 0.808728 0.447430 0.018771 0.010852
0 0.793672 0.449630 0.016816 0.011732
0 0.880489 0.368972 0.012905 0.009972
0 0.902193 0.407835 0.011732 0.007919
0 0.624926 0.404315 0.008603 0.012612
0 0.583082 0.379238 0.012514 0.007626
0 0.618278 0.362520 0.010168 0.009386
0 0.686910 0.477200 0.007430 0.009386
0 0.782722 0.394050 0.024637 0.015545
0 0.663251 0.396103 0.017207 0.009092
0 0.708419 0.321604 0.008995 0.006746
0 0.717022 0.311925 0.009777 0.006746
5 0.813812 0.670045 0.019553 0.008506
0 0.669312 0.555952 0.008995 0.007919
0 0.691408 0.543926 0.010168 0.007333
0 0.687888 0.535420 0.010950 0.006159
0 0.905126 0.418100 0.013687 0.010852
0 0.363302 0.407981 0.019553 0.019944
0 0.301709 0.352401 0.012123 0.007919
0 0.291932 0.361346 0.008995 0.014665
0 0.325173 0.383931 0.012905 0.011145
0 0.344140 0.382464 0.015643 0.012905
0 0.384615 0.391410 0.012905 0.010266
0 0.240898 0.413554 0.016425 0.011145
0 0.289977 0.377771 0.047319 0.017011
0 0.174025 0.297407 0.016425 0.005866
0 0.142153 0.346535 0.017598 0.009679
0 0.143522 0.417660 0.008603 0.005866
0 0.181260 0.415460 0.015252 0.010852
0 0.357436 0.243146 0.017207 0.011732
0 0.339251 0.227455 0.015252 0.012025
0 0.376012 0.229654 0.034023 0.009386
0 0.147432 0.252092 0.016425 0.013199
0 0.166399 0.252532 0.012905 0.011732
0 0.466739 0.167475 0.009777 0.008212
5 0.476516 0.160875 0.009777 0.014958
0 0.673418 0.241533 0.008603 0.006746
0 0.595400 0.416340 0.024637 0.008506
0 0.644088 0.397716 0.013296 0.005866
0 0.187321 0.570470 0.020336 0.014078
0 0.594618 0.677525 0.014470 0.008212
0 0.661295 0.709348 0.013296 0.013199
0 0.533807 0.758182 0.015643 0.011145
0 0.637245 0.651274 0.008995 0.006159
0 0.481600 0.793085 0.016034 0.011145
0 0.330061 0.795285 0.010950 0.007919
0 0.377576 0.808043 0.012123 0.006453
0 0.445230 0.838107 0.013687 0.007919
0 0.692190 0.517529 0.014078 0.007333
0 0.691408 0.442737 0.011732 0.009092
0 0.766493 0.364133 0.014861 0.021411
0 0.803057 0.430126 0.016034 0.008506
0 0.764146 0.455203 0.007039 0.004106
0 0.633334 0.422646 0.007430 0.007039
0 0.613390 0.422646 0.005866 0.004106
0 0.625122 0.422500 0.006648 0.004400
0 0.577020 0.416194 0.009777 0.010559
5 0.503109 0.477494 0.033241 0.010559
0 0.946775 0.550086 0.014078 0.012612
0 0.944819 0.646288 0.010950 0.010852
0 0.471432 0.528235 0.008212 0.009386
0 0.698447 0.323951 0.008603 0.011439
0 0.275312 0.888701 0.014861 0.010559
0 0.357631 0.884155 0.016034 0.007919
0 0.410230 0.792645 0.010168 0.009092
0 0.249110 0.855852 0.007821 0.002933
0 0.433107 0.785899 0.012123 0.013785
0 0.643893 0.841480 0.013687 0.006453
0 0.515427 0.757009 0.011732 0.017011
0 0.704117 0.800711 0.016816 0.006453
0 0.972625 0.474267 0.009386 0.007626
0 0.740682 0.204137 0.017207 0.011732
0 0.483751 0.448164 0.007821 0.010559
0 0.960111 0.477054 0.010950 0.010266
0 0.913183 0.407688 0.010950 0.011732
0 0.782917 0.445817 0.014861 0.008212
0 0.664228 0.525155 0.014470 0.010266
0 0.512494 0.456376 0.012905 0.007626
0 0.726604 0.384957 0.009386 0.010852
0 0.718978 0.376012 0.012123 0.012905
0 0.726408 0.329523 0.011341 0.004400
0 0.563724 0.393023 0.010559 0.006453
0 0.567830 0.385250 0.010168 0.006746
0 0.957324 0.593031 0.008016 0.010306