0 0.423667 0.899875 0.010667 0.006250
0 0.487333 0.892750 0.010000 0.013000
0 0.555000 0.879375 0.006667 0.008750
0 0.378333 0.825000 0.013333 0.012500
0 0.274500 0.788000 0.015667 0.015000
0 0.355833 0.709375 0.015000 0.008750
0 0.361167 0.693750 0.055667 0.030000
0 0.361500 0.672500 0.008333 0.007500
0 0.327333 0.670875 0.010000 0.011750
0 0.802833 0.657375 0.011000 0.008750
0 0.364167 0.657750 0.018333 0.012000
0 0.741167 0.625875 0.034333 0.013250
0 0.767500 0.619625 0.015000 0.015750
0 0.859500 0.600875 0.014333 0.005750
0 0.267833 0.607750 0.041000 0.029500
0 0.601167 0.576500 0.022333 0.017000
0 0.276500 0.568625 0.011667 0.006250
0 0.583167 0.615250 0.111667 0.103000
0 0.665333 0.569250 0.074000 0.022500
0 0.453667 0.517125 0.039333 0.011750
0 0.299500 0.502125 0.011000 0.010750
0 0.237000 0.499625 0.017333 0.010750
0 0.256667 0.480000 0.030000 0.012500
0 0.113667 0.472125 0.007333 0.008250
0 0.352500 0.473625 0.018333 0.013750
0 0.532000 0.494250 0.056000 0.067500
0 0.560333 0.462375 0.016000 0.006250
0 0.303667 0.474250 0.056000 0.030000
0 0.340333 0.448125 0.010667 0.013750
0 0.314833 0.449000 0.025000 0.025500
0 0.221500 0.411500 0.038333 0.019500
0 0.268667 0.415875 0.047333 0.075750
0 0.236167 0.382750 0.012333 0.018000
0 0.368667 0.360500 0.014000 0.012500
0 0.322500 0.359875 0.018333 0.011250
0 0.291667 0.342375 0.013333 0.011250
0 0.359142 0.333993 0.023333 0.010500
0 0.430000 0.341250 0.036667 0.042500
0 0.352000 0.314000 0.042667 0.025500
0 0.281150 0.294194 0.039509 0.036339
0 0.450833 0.277750 0.011667 0.008000
0 0.472833 0.225250 0.019000 0.013000
0 0.373457 0.537552 0.036046 0.018861
0 0.331124 0.563330 0.033532 0.020119
0 0.280407 0.537238 0.039400 0.028292
0 0.263642 0.508317 0.025987 0.033322
0 0.228434 0.484740 0.039400 0.025149
0 0.322741 0.614256 0.026825 0.026406
0 0.332800 0.590679 0.021795 0.020748
0 0.369685 0.579048 0.023472 0.013832
0 0.401540 0.614256 0.023472 0.016347
0 0.397349 0.410866 0.048621 0.022005
0 0.641290 0.682471 0.026825 0.020748
0 0.655541 0.619285 0.020119 0.013832
0 0.741466 0.610169 0.041076 0.020748
0 0.717994 0.583134 0.036046 0.018233
0 0.731406 0.569617 0.025987 0.022634
0 0.676499 0.535352 0.030178 0.015718
0 0.630812 0.510203 0.039400 0.011946
0 0.394834 0.359311 0.057004 0.049669
0 0.404474 0.300526 0.039400 0.051555
0 0.555366 0.316873 0.014251 0.008802
2 0.457705 0.363398 0.046944 0.050297
0 0.290886 0.300841 0.013413 0.013203
0 0.480758 0.240170 0.041076 0.035208
2 0.495847 0.739370 0.238912 0.232625
0 0.620752 0.710449 0.044429 0.033951
0 0.658895 0.714850 0.035208 0.030178
0 0.743562 0.729625 0.016766 0.011946
0 0.813978 0.860398 0.021795 0.018233
0 0.866790 0.845938 0.026825 0.023262
0 0.795116 0.612370 0.029340 0.020119
0 0.780027 0.661409 0.019281 0.028921
5 0.660990 0.495743 0.022634 0.019490
0 0.286275 0.857569 0.049459 0.035208
0 0.269510 0.914468 0.014251 0.024520
0 0.285437 0.898750 0.024310 0.015718
0 0.349147 0.857569 0.015927 0.017604
0 0.563330 0.971366 0.021795 0.011317
0 0.281665 0.791554 0.058680 0.045268
0 0.226338 0.727110 0.023472 0.013203
0 0.292982 0.566788 0.037723 0.023262
0 0.607340 0.479396 0.037723 0.020748
0 0.317292 0.500772 0.025987 0.024520
5 0.510098 0.191758 0.029340 0.023891
5 0.550755 0.205590 0.041914 0.028921
0 0.538181 0.370943 0.043591 0.035208
0 0.563330 0.375658 0.041914 0.032065
0 0.547402 0.339821 0.067063 0.029550
5 0.604406 0.390118 0.204542 0.113798
2 0.492913 0.568359 0.095565 0.089278
2 0.603148 0.539753 0.041076 0.049669
0 0.441778 0.875802 0.038561 0.022634
0 0.835354 0.563330 0.015927 0.012574
0 0.194483 0.661724 0.028502 0.013203
0 0.237236 0.672412 0.018442 0.015718
5 0.255678 0.667697 0.028502 0.065386
0 0.242684 0.626201 0.027664 0.021376
5 0.452135 0.566588 0.021294 0.020939
0 0.634314 0.552925 0.013723 0.009227
0 0.332417 0.541213 0.034543 0.018454
0 0.941561 0.683880 0.018454 0.012776
0 0.930914 0.721499 0.017035 0.014906
0 0.962854 0.684590 0.018454 0.009937
0 0.958123 0.657796 0.015615 0.008872
0 0.981309 0.596222 0.019401 0.014196