0 0.719833 0.818375 0.041667 0.028250
0 0.767000 0.801875 0.016000 0.021250
0 0.360833 0.789000 0.028333 0.023000
0 0.747833 0.775250 0.012333 0.008000
0 0.679500 0.769000 0.009000 0.007000
0 0.705667 0.753375 0.026667 0.026750
0 0.599000 0.694875 0.026667 0.016250
0 0.690333 0.695875 0.024000 0.024250
0 0.614167 0.676750 0.018333 0.007500
0 0.812833 0.653750 0.022333 0.020000
0 0.599500 0.640250 0.022333 0.015500
0 0.602000 0.595500 0.010667 0.007500
0 0.800000 0.573375 0.013333 0.010750
0 0.824833 0.545875 0.025000 0.020750
0 0.811167 0.527125 0.014333 0.004250
0 0.295667 0.518375 0.016667 0.010750
0 0.759500 0.519250 0.044333 0.027500
0 0.332833 0.477750 0.011000 0.008000
0 0.552000 0.452375 0.019333 0.011250
0 0.439500 0.438750 0.014333 0.010000
0 0.480667 0.373750 0.023333 0.017500
0 0.361667 0.284000 0.010000 0.012000
0 0.492933 0.428435 0.017989 0.030503
0 0.557655 0.524784 0.016034 0.016718
0 0.484134 0.507772 0.022291 0.017305
0 0.435837 0.564380 0.027375 0.016132
2 0.549638 0.563500 0.053967 0.026104
5 0.432122 0.538422 0.031676 0.019944
5 0.488241 0.538862 0.028157 0.017891
5 0.457542 0.558074 0.019162 0.014665
5 0.426256 0.510412 0.021509 0.014958
5 0.412178 0.492374 0.019162 0.008212
5 0.362317 0.486068 0.021118 0.017305
5 0.613382 0.410690 0.025028 0.016132
5 0.584639 0.409223 0.020727 0.010852
5 0.615142 0.527424 0.024637 0.022584
5 0.592656 0.578018 0.022682 0.014665
5 0.618857 0.565993 0.027375 0.021118
0 0.747526 0.548472 0.020727 0.025224
0 0.648195 0.649808 0.024637 0.020238
0 0.673223 0.720933 0.036369 0.024637
0 0.928826 0.853212 0.022682 0.023464
0 0.972039 0.857758 0.017598 0.017305
0 0.962458 0.771381 0.013296 0.019944
0 0.726017 0.877849 0.028548 0.022291
0 0.707246 0.862011 0.026984 0.012905
0 0.318525 0.800418 0.039498 0.038129
0 0.271596 0.627224 0.023073 0.015545
5 0.344726 0.443911 0.020727 0.017305
5 0.194947 0.391996 0.030112 0.023171
5 0.251065 0.463122 0.031285 0.019944
5 0.246177 0.371759 0.026202 0.021998
0 0.113019 0.307526 0.026593 0.017891
0 0.475734 0.315445 0.019944 0.017305
0 0.352156 0.334216 0.019944 0.014372
0 0.406710 0.324831 0.020336 0.016132
0 0.532634 0.259571 0.023464 0.015838
0 0.496265 0.287728 0.031285 0.019358
0 0.624731 0.330110 0.029330 0.013785
0 0.653474 0.266464 0.017989 0.016132
5 0.636854 0.270277 0.016034 0.014372
0 0.496851 0.323364 0.016816 0.010852
5 0.350201 0.500664 0.017598 0.011145
5 0.380118 0.498171 0.026593 0.017305
5 0.511321 0.502277 0.010559 0.021411
0 0.541042 0.537474 0.016034 0.013785
5 0.354112 0.648488 0.043409 0.038129
5 0.429392 0.647021 0.025028 0.024051
5 0.593836 0.654501 0.029330 0.012025
5 0.647021 0.688083 0.026984 0.028157
5 0.636267 0.711401 0.035196 0.011439
5 0.579758 0.725626 0.035587 0.023464
5 0.733838 0.728559 0.070783 0.040475
5 0.694927 0.771381 0.021900 0.027570
5 0.692190 0.838400 0.084471 0.037249
5 0.678893 0.735012 0.023464 0.019358
2 0.582104 0.870517 0.048101 0.044582
5 0.932736 0.777834 0.053185 0.054554
0 0.928044 0.827255 0.014078 0.012025
5 0.826130 0.582642 0.016816 0.010852
5 0.836298 0.571496 0.033241 0.016718
5 0.870517 0.608452 0.032068 0.054261
5 0.843337 0.608159 0.021509 0.023757
5 0.815963 0.625464 0.031676 0.023757
0 0.811074 0.604639 0.034414 0.017891
5 0.805599 0.592467 0.018771 0.012905
5 0.813421 0.576776 0.012514 0.014958
5 0.813030 0.556538 0.018771 0.016132
5 0.795040 0.514449 0.041453 0.048688
5 0.741464 0.495385 0.043017 0.029330
5 0.699816 0.466495 0.023073 0.010266
0 0.679480 0.456669 0.016034 0.008212
0 0.878924 0.474854 0.027766 0.018771
0 0.943842 0.388184 0.016816 0.010266
5 0.512299 0.261184 0.021900 0.018478
5 0.844315 0.518409 0.061007 0.044875
0 0.814789 0.492745 0.029330 0.016425
0 0.429979 0.772114 0.019944 0.017891
0 0.298971 0.420593 0.018380 0.022877
5 0.185366 0.312512 0.026593 0.017891
5 0.722302 0.917005 0.023464 0.047808