0 0.555276 0.509845 0.017639 0.007919
0 0.538994 0.501927 0.009498 0.006561
0 0.579020 0.504642 0.012890 0.006109
0 0.589196 0.497515 0.022387 0.012670
0 0.621760 0.507696 0.008819 0.011765
0 0.643808 0.488013 0.015603 0.010860
0 0.634819 0.496836 0.010515 0.009050
0 0.536789 0.531904 0.020013 0.017647
0 0.514402 0.528058 0.024083 0.017195
0 0.518812 0.557696 0.015264 0.013575
0 0.540012 0.562674 0.010176 0.007692
0 0.528818 0.572742 0.008819 0.007466
0 0.468440 0.532131 0.022387 0.015837
0 0.464539 0.503397 0.016621 0.010407
0 0.472002 0.448533 0.009158 0.008371
5 0.585295 0.436429 0.020013 0.010860
0 0.601238 0.468669 0.015264 0.013801
4 0.675015 0.481678 0.017639 0.010407
0 0.707917 0.443442 0.031207 0.015385
0 0.641942 0.404302 0.012551 0.011312
0 0.567487 0.368215 0.016282 0.008371
0 0.545100 0.361994 0.023066 0.009955
0 0.507787 0.328849 0.010855 0.007014
4 0.404161 0.315274 0.017299 0.011991
0 0.411623 0.307808 0.014586 0.009276
0 0.463182 0.362220 0.015943 0.010860
0 0.247110 0.366519 0.024762 0.011765
0 0.191820 0.385863 0.018656 0.013801
0 0.264579 0.410637 0.014925 0.009502
0 0.178251 0.422628 0.017978 0.024887
0 0.157051 0.436655 0.034599 0.011312
4 0.171298 0.449325 0.018317 0.010860
0 0.142298 0.448903 0.023401 0.012607
0 0.255251 0.458374 0.013907 0.010860
0 0.217938 0.467537 0.038330 0.020588
0 0.193007 0.479868 0.033920 0.017647
0 0.282217 0.389030 0.014925 0.010181
0 0.302569 0.397288 0.011533 0.008597
0 0.344800 0.496836 0.019335 0.009955
0 0.357181 0.531226 0.032564 0.015837
4 0.310710 0.536090 0.013568 0.010181
4 0.319021 0.548760 0.017978 0.011086
0 0.206236 0.530999 0.022387 0.015385
4 0.143822 0.555773 0.019674 0.013349
4 0.434011 0.619122 0.020013 0.012444
0 0.373972 0.652607 0.039687 0.013801
0 0.379060 0.665050 0.022048 0.010634
3 0.461995 0.587674 0.081409 0.046833
0 0.539673 0.597063 0.010855 0.007692
3 0.531362 0.598647 0.062074 0.056562
0 0.571727 0.578511 0.031546 0.022625
0 0.611753 0.612674 0.032903 0.014027
0 0.596998 0.609733 0.024423 0.016742
0 0.692653 0.534506 0.021031 0.013349
0 0.670435 0.505999 0.007123 0.004299
0 0.700625 0.556678 0.005088 0.006109
0 0.639398 0.457017 0.016282 0.015837
5 0.601916 0.363125 0.045114 0.029412
2 0.497781 0.364822 0.028154 0.014706
0 0.546626 0.708263 0.016621 0.012444
0 0.512706 0.716295 0.015943 0.009050
0 0.477938 0.698195 0.033920 0.028507
0 0.486757 0.689485 0.017639 0.013349
0 0.432315 0.678964 0.026797 0.019457
0 0.355655 0.707811 0.026797 0.012444
5 0.335642 0.726250 0.015943 0.017647
3 0.317155 0.681792 0.044096 0.022398
5 0.407383 0.636883 0.018317 0.012670
5 0.392458 0.614937 0.017639 0.009502
0 0.389236 0.607697 0.026797 0.016742
2 0.355485 0.581339 0.026458 0.015611
2 0.384657 0.576927 0.016282 0.011312
2 0.322582 0.575344 0.027136 0.017195
4 0.205388 0.637674 0.017299 0.011086
0 0.259491 0.652041 0.016960 0.012670
5 0.146705 0.603624 0.020013 0.013122
0 0.197756 0.555434 0.050202 0.011312
4 0.249145 0.573421 0.016621 0.011991
4 0.220821 0.514823 0.018995 0.013801
0 0.423156 0.646837 0.018656 0.009955
0 0.440116 0.703059 0.013229 0.008371
2 0.514911 0.730661 0.027815 0.016516
2 0.581734 0.709281 0.017639 0.012670
0 0.639059 0.636883 0.025101 0.016742
0 0.642282 0.594009 0.012551 0.008824
0 0.633462 0.599099 0.013907 0.007692
0 0.621251 0.516633 0.013907 0.009276
0 0.610566 0.482017 0.016282 0.010181
4 0.677898 0.393102 0.021370 0.016516
0 0.694180 0.639597 0.029511 0.009502
0 0.585465 0.692765 0.014925 0.016290
5 0.486926 0.672856 0.015264 0.007692
0 0.184018 0.598534 0.024762 0.013801
0 0.162818 0.597289 0.019674 0.019910
0 0.143483 0.585185 0.016282 0.007919
0 0.119739 0.551022 0.011533 0.007466
0 0.127032 0.555321 0.009837 0.006561
5 0.165362 0.525796 0.049184 0.049322
0 0.266444 0.507922 0.019335 0.018100
5 0.307488 0.364143 0.026797 0.018326
0 0.276790 0.463465 0.007462 0.005204
0 0.289510 0.461429 0.054612 0.044570
5 0.338355 0.461202 0.020691 0.030091
2 0.413998 0.478737 0.094638 0.050679
0 0.592419 0.422741 0.020013 0.013349
3 0.557650 0.331111 0.009498 0.006561
5 0.723182 0.490841 0.030528 0.023756
0 0.673997 0.546384 0.008819 0.006335
5 0.675354 0.557470 0.014247 0.008597
0 0.600390 0.527040 0.022387 0.014706
4 0.660090 0.673195 0.019674 0.012444
4 0.660599 0.661204 0.020013 0.013349
5 0.603952 0.708942 0.027475 0.011086
5 0.557990 0.691973 0.014247 0.008371
2 0.620064 0.631339 0.039348 0.024661
4 0.733188 0.590502 0.029511 0.036199
4 0.159426 0.619122 0.023744 0.016516
5 0.168245 0.461881 0.016282 0.010634
0 0.128049 0.486768 0.024083 0.014253
5 0.126014 0.478623 0.011872 0.010634
5 0.136529 0.471497 0.015264 0.008145
5 0.236594 0.445931 0.021370 0.014027
0 0.158917 0.423646 0.015943 0.007466
0 0.422308 0.329414 0.039348 0.027150
0 0.447409 0.336088 0.017639 0.011086
0 0.481160 0.352378 0.016621 0.011086
0 0.626509 0.444008 0.015603 0.011539
0 0.650592 0.509732 0.018317 0.014932
0 0.690788 0.523873 0.009837 0.008824
0 0.683664 0.608828 0.016621 0.009955
0 0.688074 0.628851 0.011872 0.008824
0 0.711649 0.613353 0.018317 0.011312
2 0.625830 0.691408 0.037991 0.011312
0 0.614467 0.674100 0.023405 0.008371
0 0.419255 0.708150 0.018317 0.009502
0 0.339203 0.661883 0.012211 0.009729
5 0.334115 0.656679 0.015603 0.008824
5 0.279504 0.666973 0.014925 0.015385
0 0.281200 0.665616 0.031207 0.038009
0 0.240495 0.602719 0.018317 0.009502
0 0.228962 0.591181 0.017639 0.012670
0 0.236764 0.556339 0.014247 0.008597
0 0.206405 0.578850 0.009837 0.009276
0 0.173333 0.566633 0.025101 0.008824
0 0.148062 0.592425 0.011194 0.007014
0 0.134155 0.566181 0.013229 0.010181
0 0.394494 0.546158 0.035277 0.017647
0 0.415185 0.530773 0.018995 0.007240
0 0.449105 0.521497 0.011533 0.008145
5 0.353111 0.486655 0.037312 0.018100
5 0.259999 0.525004 0.030868 0.011539
0 0.256777 0.522741 0.013568 0.007466
0 0.244905 0.475569 0.008141 0.006787
5 0.207253 0.453397 0.048845 0.007692
0 0.197586 0.446270 0.014586 0.010634
0 0.227945 0.433827 0.019674 0.015611
0 0.240156 0.436542 0.016282 0.013349
0 0.435198 0.351360 0.008819 0.006335
5 0.467253 0.319686 0.036973 0.013575
0 0.649914 0.476587 0.022387 0.014706
0 0.602086 0.509393 0.015603 0.008824
4 0.570879 0.516180 0.011533 0.008824
0 0.692145 0.530094 0.038330 0.020362
0 0.671623 0.562674 0.036634 0.014480
4 0.711479 0.625683 0.015264 0.012444
5 0.594284 0.673082 0.016960 0.020815
5 0.579190 0.654643 0.011194 0.007014
0 0.567487 0.626249 0.010855 0.008597
5 0.357181 0.635638 0.040026 0.016516
0 0.343443 0.565502 0.013907 0.011991
2 0.329706 0.523646 0.021709 0.011539
5 0.203352 0.604982 0.041722 0.043892
0 0.227605 0.630774 0.015603 0.014932
0 0.669248 0.498533 0.015603 0.014253
0 0.700964 0.502832 0.010515 0.009276
0 0.685360 0.418329 0.020691 0.013575
0 0.627357 0.380772 0.017299 0.009502
0 0.222178 0.360184 0.021709 0.012217
0 0.314950 0.327830 0.014586 0.012217
0 0.119569 0.510637 0.016621 0.009502
5 0.228284 0.529981 0.015603 0.011086
5 0.497781 0.516633 0.013907 0.008371
5 0.219973 0.667539 0.035616 0.023303
5 0.536111 0.658489 0.026119 0.011991
0 0.725386 0.618443 0.011194 0.010634
0 0.696045 0.585298 0.012890 0.008597
0 0.694519 0.568330 0.011194 0.006787
0 0.669587 0.528737 0.010855 0.007692
0 0.578681 0.417650 0.016282 0.009502
5 0.645165 0.413351 0.014925 0.009050
5 0.674506 0.421270 0.016621 0.010407
5 0.580547 0.338012 0.014586 0.010407
0 0.309353 0.720028 0.030528 0.013349
0 0.357860 0.669349 0.025101 0.024208
5 0.238121 0.596611 0.087514 0.096381
0 0.137377 0.518330 0.023066 0.016290
0 0.424963 0.336121 0.030015 0.015991
5 0.619510 0.550781 0.009883 0.006104
0 0.186036 0.555054 0.025805 0.010742
5 0.294381 0.405823 0.019949 0.013794
0 0.415081 0.670532 0.021962 0.008545
0 0.697291 0.542236 0.019766 0.010742
4 0.658217 0.599060 0.012628 0.009399
0 0.185944 0.528748 0.009517 0.006470
0 0.124451 0.519531 0.011713 0.007812
0 0.646779 0.606079 0.013909 0.008789
0 0.318082 0.498291 0.015373 0.007080
0 0.601482 0.614136 0.014824 0.012207
0 0.355234 0.603210 0.008419 0.006470
5 0.307101 0.392639 0.013177 0.007935
0 0.587390 0.445693 0.017020 0.011442
0 0.399844 0.681929 0.019674 0.014738
0 0.668832 0.467041 0.014824 0.010010
0 0.502379 0.614685 0.006955 0.006470
0 0.685304 0.639404 0.011164 0.010742
0 0.581900 0.646545 0.014092 0.008423
0 0.520223 0.675598 0.008236 0.005493
0 0.604136 0.632019 0.009517 0.017212
0 0.678898 0.533264 0.015190 0.014038
0 0.407668 0.315796 0.014824 0.009033
0 0.373261 0.544739 0.010066 0.007935
0 0.477740 0.732039 0.049551 0.021208
0 0.492998 0.533123 0.009469 0.006865
0 0.440302 0.557974 0.013586 0.006590
0 0.546106 0.557974 0.011939 0.006041
0 0.596332 0.376605 0.011939 0.009062
0 0.523875 0.360267 0.020173 0.007689
4 0.529844 0.351892 0.105393 0.037619
0 0.133387 0.498937 0.013997 0.019771
0 0.130917 0.499898 0.022231 0.017849
0 0.202139 0.545617 0.013997 0.009336
5 0.291064 0.603694 0.103746 0.107366
0 0.211608 0.657102 0.025525 0.015926
5 0.335939 0.704744 0.172086 0.031578
5 0.285507 0.696644 0.069575 0.048328
5 0.335321 0.724790 0.018526 0.015652
5 0.503908 0.656965 0.022231 0.009611
5 0.658909 0.617424 0.020173 0.014004
0 0.528197 0.518158 0.019761 0.009336
5 0.511730 0.505664 0.014821 0.011258
0 0.555781 0.526808 0.023055 0.021144
5 0.571013 0.481637 0.044462 0.023066
0 0.623298 0.460631 0.019761 0.023340
5 0.671877 0.454178 0.074927 0.035697
5 0.635854 0.419030 0.049814 0.049976
5 0.658909 0.389374 0.043227 0.026910
0 0.547547 0.714630 0.013174 0.009062
2 0.544871 0.702548 0.031700 0.027185
0 0.642853 0.681953 0.016056 0.008512
5 0.622268 0.681129 0.025936 0.007963
5 0.608683 0.697056 0.012762 0.008512
5 0.635237 0.661771 0.031288 0.015377
0 0.632767 0.653395 0.012351 0.010160
1 0.643882 0.653945 0.073281 0.012357
0 0.697813 0.656828 0.017291 0.012631
0 0.690403 0.661771 0.009881 0.009336
5 0.684434 0.650924 0.025936 0.009062
5 0.586040 0.641588 0.081103 0.060685
5 0.473854 0.645844 0.046933 0.036246
5 0.486205 0.673715 0.014821 0.006865
5 0.502467 0.668223 0.018526 0.009611
0 0.502055 0.628819 0.018526 0.011533