5 0.746311 0.465869 0.087801 0.086952
0 0.740733 0.400745 0.037837 0.025103
0 0.785361 0.436036 0.028135 0.032380
0 0.693437 0.378734 0.017948 0.018919
5 0.786331 0.423666 0.206648 0.161899
0 0.584291 0.429123 0.025710 0.018555
0 0.587202 0.410750 0.035412 0.024740
0 0.487758 0.338350 0.025710 0.018191
0 0.523412 0.375278 0.052390 0.038201
0 0.552033 0.287416 0.018433 0.016008
0 0.530689 0.271226 0.017463 0.010551
0 0.492852 0.324162 0.027165 0.015280
0 0.492609 0.323798 0.037352 0.026923
2 0.520259 0.262676 0.108175 0.073491
2 0.544756 0.314338 0.187245 0.129519
4 0.315309 0.388557 0.023284 0.017463
0 0.272136 0.378916 0.029105 0.015644
0 0.294450 0.367456 0.050449 0.024012
0 0.276987 0.348355 0.017463 0.012006
0 0.277472 0.311064 0.062092 0.021101
0 0.361150 0.428395 0.021829 0.017099
0 0.381523 0.433307 0.028620 0.021829
0 0.419846 0.460229 0.026680 0.026923
0 0.426637 0.442220 0.033471 0.020738
0 0.440219 0.433125 0.036382 0.015644
0 0.329619 0.490972 0.029591 0.029469
0 0.282565 0.483514 0.037352 0.019646
0 0.302939 0.451862 0.017948 0.016008
5 0.215138 0.453499 0.032501 0.017099
5 0.225324 0.423120 0.049964 0.031288
5 0.257098 0.400199 0.038807 0.025467
5 0.221929 0.375460 0.070338 0.048752
0 0.248851 0.246850 0.030076 0.022193
0 0.203253 0.474418 0.037837 0.028378
0 0.236482 0.517895 0.019889 0.013461
0 0.239150 0.493155 0.011642 0.014189
0 0.246911 0.477693 0.063062 0.021829
0 0.301969 0.547909 0.023769 0.010915
0 0.278684 0.553185 0.056756 0.026559
0 0.286446 0.580653 0.027650 0.012370
0 0.278927 0.570284 0.032986 0.014917
0 0.330832 0.572103 0.022314 0.015644
0 0.353146 0.572285 0.026195 0.015280
0 0.333257 0.592659 0.015523 0.010915
0 0.436581 0.580653 0.009702 0.019646
0 0.343686 0.514984 0.019889 0.012734
0 0.192581 0.523897 0.107690 0.057483
5 0.259769 0.705708 0.144077 0.079842
0 0.287416 0.705806 0.019889 0.013097
0 0.521715 0.547000 0.016978 0.013461
0 0.455500 0.591931 0.023284 0.019646
0 0.459623 0.569557 0.012127 0.007640
0 0.506677 0.512437 0.020859 0.018555
0 0.585019 0.593932 0.022314 0.021465
0 0.555913 0.609577 0.033956 0.017099
0 0.618490 0.600117 0.030076 0.017099
0 0.635711 0.585928 0.028620 0.017827
0 0.652689 0.605756 0.020859 0.013097
0 0.640319 0.631951 0.036867 0.024740
0 0.467384 0.659965 0.043173 0.019646
0 0.591082 0.646868 0.037352 0.020374
0 0.493337 0.624493 0.020374 0.014917
0 0.482665 0.639046 0.033956 0.019282
0 0.484848 0.594478 0.041233 0.009459
0 0.482665 0.573195 0.023284 0.015644
0 0.589627 0.528991 0.032501 0.015280
0 0.586474 0.492063 0.020374 0.021465
0 0.594478 0.476419 0.016978 0.017099
0 0.554701 0.493337 0.025710 0.018191
0 0.491882 0.495702 0.025225 0.012734
0 0.554701 0.444403 0.041233 0.015644
0 0.494307 0.455500 0.030076 0.009459
0 0.461806 0.490790 0.019404 0.011642
0 0.607333 0.431488 0.028135 0.023284
4 0.689313 0.534084 0.022314 0.018919
0 0.654629 0.504615 0.030561 0.013097
2 0.678399 0.549001 0.015038 0.012370
2 0.472720 0.704351 0.054815 0.035654
5 0.460108 0.683977 0.027650 0.021101
0 0.586474 0.708717 0.016493 0.010915
0 0.594963 0.681976 0.015038 0.011278
0 0.576772 0.670880 0.020374 0.024012
5 0.546939 0.651961 0.021829 0.021101
0 0.559067 0.659056 0.045113 0.025831
0 0.553973 0.629950 0.029105 0.014189
0 0.534327 0.623220 0.024740 0.023284
4 0.497945 0.630496 0.079070 0.021829
4 0.465444 0.603755 0.013097 0.011278
0 0.705564 0.744553 0.026680 0.013461
0 0.593123 0.761896 0.020859 0.025165
0 0.569981 0.792577 0.012612 0.012006
0 0.696590 0.830232 0.029105 0.021829
0 0.762562 0.241029 0.017463 0.013461
2 0.636196 0.198644 0.034441 0.012370
2 0.607090 0.197371 0.035412 0.019282
2 0.499886 0.189549 0.034441 0.015280
0 0.232601 0.254490 0.027650 0.022921
0 0.114239 0.563008 0.021829 0.011278
0 0.141889 0.570648 0.016008 0.010551
5 0.119817 0.548091 0.054330 0.016372
5 0.282565 0.661602 0.084891 0.028742
5 0.436824 0.644867 0.057726 0.009095
0 0.477329 0.761581 0.062092 0.038785
0 0.669425 0.707080 0.069853 0.066579
0 0.612426 0.565737 0.021829 0.016736
0 0.566585 0.561553 0.019404 0.012734
0 0.520987 0.501159 0.022314 0.012006
0 0.551548 0.526990 0.025225 0.008368
5 0.612426 0.468051 0.025710 0.048388
5 0.647596 0.456227 0.046569 0.053845
0 0.621643 0.423666 0.008247 0.013461
5 0.636924 0.346173 0.088286 0.208468
5 0.370124 0.394742 0.059181 0.053845
5 0.425909 0.397835 0.121273 0.035290
5 0.398744 0.345263 0.092167 0.050207
5 0.746554 0.634134 0.086346 0.080768
5 0.808645 0.598480 0.083436 0.162263
5 0.668697 0.781117 0.067428 0.053845
5 0.738307 0.761470 0.022314 0.035654
0 0.732729 0.792759 0.017948 0.017463
5 0.732001 0.793486 0.024255 0.045113
5 0.292267 0.595751 0.016008 0.014189
5 0.318219 0.558278 0.024255 0.055664
0 0.294935 0.512619 0.081495 0.038565
0 0.412812 0.540997 0.017463 0.015280
0 0.429305 0.522442 0.033956 0.014553
5 0.409901 0.515348 0.037837 0.014189
0 0.445313 0.552639 0.018433 0.016008
0 0.436339 0.538814 0.011157 0.009459
0 0.433671 0.549183 0.012612 0.010551
0 0.515894 0.573013 0.021829 0.015280
0 0.577015 0.542816 0.029591 0.026195
0 0.498673 0.470780 0.021344 0.018191
0 0.468597 0.478784 0.022314 0.013825
0 0.531416 0.481513 0.029591 0.017099
5 0.524625 0.436036 0.029591 0.012006
0 0.493822 0.440038 0.028135 0.011278
5 0.330104 0.460775 0.021829 0.019282
0 0.327921 0.441493 0.025225 0.019282
0 0.625039 0.692163 0.020859 0.023648
0 0.574347 0.571376 0.020374 0.010551
0 0.287901 0.624675 0.056756 0.035654
0 0.417178 0.631042 0.020374 0.010551
0 0.581381 0.720359 0.012127 0.008732
0 0.591082 0.720359 0.011157 0.009459
0 0.662391 0.649960 0.016008 0.013461
0 0.668939 0.582290 0.027165 0.012734
0 0.692466 0.574104 0.017948 0.009459
0 0.558581 0.428759 0.020859 0.015644
0 0.165658 0.758378 0.017948 0.016372
0 0.175118 0.771112 0.021344 0.011278
0 0.506192 0.166447 0.031531 0.012006
5 0.178028 0.444949 0.042688 0.090954
5 0.361150 0.549729 0.017948 0.013825
5 0.371094 0.495156 0.016493 0.013097
0 0.520996 0.549683 0.017253 0.005615
0 0.303385 0.550537 0.022135 0.007324
0 0.584147 0.588379 0.021810 0.010742
0 0.294922 0.477905 0.006510 0.012939
0 0.580566 0.550049 0.015299 0.006348
5 0.597493 0.398682 0.028320 0.039062
0 0.598633 0.440063 0.013672 0.005127
0 0.439453 0.623779 0.024089 0.010254
0 0.590007 0.429443 0.013346 0.020996
0 0.544922 0.508057 0.012370 0.010254
0 0.305990 0.368286 0.028646 0.012939
0 0.674154 0.562744 0.018880 0.012207
0 0.430664 0.660522 0.022786 0.014893
0 0.298665 0.313599 0.013997 0.017822
0 0.783203 0.444336 0.016276 0.013672
0 0.689453 0.689087 0.061198 0.027100
0 0.265788 0.684204 0.152669 0.037842
0 0.590495 0.646973 0.014323 0.014648
0 0.795736 0.443237 0.008138 0.011475
0 0.586914 0.663452 0.007161 0.009521
2 0.491699 0.188965 0.015951 0.013184
0 0.228096 0.592985 0.040274 0.023890
5 0.182879 0.608362 0.044301 0.041464
5 0.119357 0.570468 0.090067 0.069472
5 0.726941 0.584884 0.159265 0.098304
5 0.517883 0.671107 0.239813 0.121920
5 0.679528 0.759800 0.176473 0.092263
0 0.188371 0.683601 0.021601 0.017849
0 0.239080 0.694310 0.022700 0.016201
5 0.222787 0.347498 0.033317 0.062333
0 0.285760 0.330611 0.077985 0.032402
0 0.330794 0.421501 0.018672 0.021967
5 0.328597 0.387589 0.017940 0.038169
5 0.403653 0.495779 0.030388 0.016201